  104.896  24.667   45001   7.7418972e+05   4.5101481e+05  
  104.796  28.820   51006   7.4296978e+05   9.1191424e+05  
  105.157  28.807   51007   7.7836532e+05   9.1225224e+05  
  104.871  28.369   51017   7.5277265e+05   8.6217343e+05  
  105.185  28.238   51018   7.8437788e+05   8.4916412e+05  
  104.839  28.095   51024   7.5110103e+05   8.3158206e+05  
  103.880  27.104   51039   6.6102500e+05   7.1741983e+05  
  104.459  27.054   51040   7.1878889e+05   7.1423864e+05  
  104.915  27.085   51041   7.6397225e+05   7.1973666e+05  
   99.287  28.809   51046   2.0502582e+05   8.9690015e+05  
   99.892  28.718   51047   2.6412979e+05   8.8711149e+05  
  100.298  29.038   51048   3.0339141e+05   9.2292967e+05  
  100.351  28.561   51049   3.0915216e+05   8.7013888e+05  
  101.934  28.618   51050   4.6386821e+05   8.7922783e+05  
  101.630  28.226   51051   4.3508541e+05   8.3508830e+05  
   99.255  28.418   51052   2.0199605e+05   8.5358005e+05 
  100.859  28.540   51053   3.5887875e+05   8.6847764e+05  
  100.732  27.800   51054   3.4762341e+05   7.8630295e+05  
  100.850  28.158   51055   3.5864734e+05   8.2613768e+05  
  101.934  27.751   51056   4.6619467e+05   7.8312228e+05
  101.468  27.756   51057   4.2023766e+05   7.8266708e+05  
  101.483  27.133   51058   4.2309618e+05   7.1365858e+05  
  101.877  27.212   51059   4.6195959e+05   7.2324835e+05  
   99.355  29.011   51060   2.1159324e+05   9.1929567e+05  
  104.066  26.761   52026   6.8102919e+05   6.8007767e+05  
  104.528  26.758   52027   7.2708881e+05   6.8166682e+05  
  104.994  26.761   52028   7.7353974e+05   6.8411088e+05  
  104.689  26.307   52032   7.4536947e+05   6.3228308e+05  
  104.546  25.900   52036   7.3298694e+05   5.8645967e+05  
  104.971  25.915   52037   7.7560779e+05   5.9000712e+05  
  104.980  25.468   52041   7.7876758e+05   5.4038324e+05  
   98.612  29.027   53001   1.3924855e+05   9.2107829e+05  
   99.023  28.952   53002   1.7926562e+05   9.1270791e+05  
   98.685  28.735   53003   1.4627007e+05   8.8870951e+05  
   98.911  28.491   53004   1.6831521e+05   8.6164317e+05  
   98.907  28.067   53005   1.6788766e+05   8.1467743e+05  
   99.293  28.249   53006   2.0576272e+05   8.3486830e+05  
   99.684  28.576   53007   2.4390772e+05   8.7124661e+05  
   99.492  28.026   53008   2.2538128e+05   8.1023012e+05  
   99.743  28.153   53009   2.4996573e+05   8.2442298e+05  
  100.207  27.799   53010   2.9590770e+05   7.8557341e+05  
  100.064  27.498   53011   2.8210934e+05   7.5210150e+05  
   99.059  27.691   53013   1.8284138e+05   7.7302864e+05  
   99.087  27.364   53014   1.8562725e+05   7.3681274e+05  
   99.172  27.097   53015   1.9407266e+05   7.0725055e+05  
   99.411  27.605   53016   2.1757614e+05   7.6356938e+05  
   98.608  28.022   53017   1.3849538e+05   8.0975143e+05  
   98.335  27.869   53018   1.1156973e+05   7.9292025e+05  
   98.843  27.377   53019   1.6150238e+05   7.3825933e+05  
   98.869  27.028   53020   1.6403256e+05   6.9960392e+05  
   98.899  26.692   53021   1.6697822e+05   6.6239035e+05  
   99.381  26.866   53022   2.1486523e+05   6.8171289e+05  
   99.153  26.737   53023   1.9223765e+05   6.6737900e+05  
   99.551  26.665   53024   2.3184613e+05   6.5951459e+05  
   99.418  26.463   53025   2.1868619e+05   6.3709416e+05  
   99.142  26.455   53026   1.9117856e+05   6.3614833e+05  
   98.886  26.358   53027   1.6565225e+05   6.2540381e+05  
   99.130  26.201   53028   1.9001076e+05   6.0801951e+05  
   99.896  26.538   53029   2.6627156e+05   6.4564380e+05  
  100.170  26.360   53030   2.9374493e+05   6.2614946e+05  
  100.252  26.129   53031   3.0217334e+05   6.0064226e+05  
   99.430  26.204   53032   2.1997772e+05   6.0841639e+05  
   99.402  25.632   53033   2.1737499e+05   5.4506775e+05  
  100.520  25.850   53034   3.2932520e+05   5.7002648e+05  
  100.856  25.924   53035   3.6288234e+05   5.7865597e+05  
   99.832  25.815   53036   2.6040944e+05   5.6553358e+05  
   99.728  25.541   53037   2.5015303e+05   5.3513067e+05  
   99.414  25.295   53038   2.1869542e+05   5.0775647e+05  
   99.777  25.342   53039   2.5520369e+05   5.1312302e+05  
  100.490  25.350   53040   3.2694121e+05   5.1461663e+05  
  100.216  25.015   53041   2.9970479e+05   4.7724093e+05  
   99.987  25.489   53042   2.7621398e+05   5.2954029e+05  
  100.320  25.240   53043   3.0995452e+05   5.0225543e+05  
  100.523  25.054   53044   3.3063313e+05   4.8187310e+05  
  100.896  25.594   53045   3.6741467e+05   5.4216004e+05  
  100.499  25.567   53046   3.2757654e+05   5.3865930e+05  
  100.899  25.323   53047   3.6814380e+05   5.1214739e+05  
  100.100  25.910   53048   2.8718264e+05   5.7625148e+05  
   99.639  27.299   53049   2.4024653e+05   7.2977244e+05  
   99.898  26.840   53050   2.6623532e+05   6.7909229e+05  
  100.411  27.425   53051   3.1647573e+05   7.4435676e+05  
  100.398  27.153   53052   3.1552789e+05   7.1421216e+05  
  100.640  27.775   53053   3.3859710e+05   7.8340886e+05  
  100.797  26.995   53054   3.5531449e+05   6.9721183e+05  
  100.842  27.295   53055   3.5929242e+05   7.3051158e+05  
  100.999  26.994   53056   3.7536230e+05   6.9740258e+05  
  100.480  26.752   53057   3.2417303e+05   6.6988662e+05  
  100.493  26.543   53058   3.2573634e+05   6.4675167e+05  
  100.596  26.294   53059   3.3633921e+05   6.1929463e+05  
  101.028  26.441   53060   3.7921567e+05   6.3618392e+05  
   98.543  25.512   53061   1.3110804e+05   5.3179817e+05  
   98.335  25.218   53062   1.1004705e+05   4.9933215e+05  
   98.667  24.904   53063   1.4340029e+05   4.6444187e+05  
   98.485  24.748   53064   1.2495753e+05   4.4722704e+05  
   99.238  25.485   53065   2.0094277e+05   5.2875108e+05  
   98.843  25.196   53066   1.6120931e+05   4.9673990e+05  
   98.863  25.451   53067   1.6325289e+05   5.2497213e+05  
   98.835  24.694   53068   1.6033592e+05   4.4116055e+05  
   99.033  24.555   53069   1.8036615e+05   4.2576184e+05  
   99.038  24.322   53070   1.8087951e+05   3.9996653e+05  
   99.480  25.048   53071   2.2543612e+05   4.8042996e+05  
   99.645  24.877   53072   2.4216789e+05   4.6156563e+05  
   99.835  24.996   53073   2.6127717e+05   4.7484617e+05  
   99.340  24.531   53074   2.1145841e+05   4.2314678e+05  
   99.623  24.526   53075   2.4012249e+05   4.2269321e+05  
   99.166  24.752   53076   1.9380685e+05   4.4758211e+05  
   97.935  25.108   53077   6.9661047e+04   4.8741070e+05  
   97.970  24.713   53078   7.2858465e+04   4.4364554e+05  
   97.657  24.611   53079   4.1090220e+04   4.3262487e+05  
   98.217  24.662   53080   9.7807083e+04   4.3783355e+05  
   98.025  24.497   53081   7.8251635e+04   4.1968868e+05  
   97.733  24.400   53082   4.8569232e+04   4.0918809e+05  
   97.786  24.183   53083   5.3733747e+04   3.8511280e+05  
   97.662  23.903   53084   4.0844115e+04   3.5422483e+05  
   98.338  24.337   53085   1.0987686e+05   4.0178649e+05  
   98.565  24.135   53086   1.3283255e+05   3.7933238e+05  
  100.091  24.865   53087   2.8722610e+05   4.6052399e+05  
   99.880  24.711   53088   2.6602168e+05   4.4331837e+05  
  100.199  24.708   53089   2.9828866e+05   4.4323091e+05  
   99.945  24.319   53090   2.7289275e+05   3.9995947e+05  
  100.469  24.592   53091   3.2573676e+05   4.3065126e+05  
  100.369  24.160   53092   3.1608390e+05   3.8271147e+05  
   99.553  24.205   53093   2.3317421e+05   3.8712432e+05  
   99.027  23.896   53094   1.7977272e+05   3.5280581e+05  
   99.724  24.020   53095   2.5064318e+05   3.6672207e+05  
   99.571  23.703   53096   2.3522677e+05   3.3155687e+05  
   99.393  23.546   53097   2.1713075e+05   3.1411558e+05  
   98.878  23.555   53098   1.6457539e+05   3.1506221e+05  
   99.843  23.466   53099   2.6310735e+05   3.0545708e+05  
  100.040  23.427   53100   2.8325650e+05   3.0127111e+05  
   99.098  23.291   53101   1.8704484e+05   2.8583668e+05  
  100.720  24.642   53102   3.5108177e+05   4.3648294e+05  
  100.808  24.455   53103   3.6026051e+05   4.1588744e+05  
  100.412  23.959   53104   3.2067596e+05   3.6049871e+05  
  100.781  24.199   53105   3.5788669e+05   3.8750147e+05  
  101.105  23.997   53106   3.9113404e+05   3.6558658e+05  
  100.967  23.696   53107   3.7755642e+05   3.3204911e+05  
  100.294  23.589   53108   3.0904271e+05   3.1941727e+05  
  100.752  23.297   53109   3.5617146e+05   2.8758094e+05  
  100.639  23.062   53110   3.4490771e+05   2.6142560e+05  
  100.215  23.223   53111   3.0132342e+05   2.7882587e+05  
  101.053  23.014   53112   3.8739975e+05   2.5664563e+05  
  101.456  22.783   53113   4.2913920e+05   2.3169602e+05  
  101.392  23.276   53114   4.2167441e+05   2.8619171e+05  
  101.280  23.596   53115   4.0965371e+05   3.2144892e+05  
  101.632  23.025   53116   4.4673511e+05   2.5881343e+05  
  101.694  23.373   53117   4.5237714e+05   2.9747961e+05  
  100.568  22.570   53118   3.3821208e+05   2.0687342e+05  
  100.604  22.823   53119   3.4161084e+05   2.3492394e+05  
   99.917  23.127   53120   2.7090183e+05   2.6797479e+05  
   99.756  22.876   53121   2.5456211e+05   2.4009547e+05  
  100.209  22.791   53122   3.0110402e+05   2.3099534e+05  
  100.267  22.575   53123   3.0726116e+05   2.0713302e+05  
  100.043  22.265   53124   2.8447220e+05   1.7263941e+05  
  101.868  22.575   53125   4.7190025e+05   2.0941497e+05  
  101.539  22.453   53126   4.3828657e+05   1.9528871e+05  
  102.207  22.494   53127   5.0697201e+05   2.0115017e+05  
   99.609  22.584   53128   2.3961769e+05   2.0770407e+05  
   99.209  22.176   53129   1.9856818e+05   1.6243324e+05  
  101.054  22.503   53130   3.8828734e+05   2.0006071e+05  
  100.861  22.118   53131   3.6895705e+05   1.5717298e+05  
  100.723  21.689   53132   3.5525431e+05   1.0951022e+05  
  100.505  22.307   53133   3.3202672e+05   1.7769022e+05  
  100.440  21.918   53134   3.2573874e+05   1.3456152e+05  
  100.033  21.697   53135   2.8386626e+05   1.0976109e+05  
  100.362  21.558   53136   3.1803317e+05   9.4637627e+04  
  101.488  22.164   53137   4.3356425e+05   1.6319250e+05  
  101.243  21.899   53138   4.0872348e+05   1.3345312e+05  
  101.191  21.695   53139   4.0367094e+05   1.1078614e+05  
  101.366  21.651   53140   4.2185527e+05   1.0617991e+05  
  101.628  21.724   53141   4.4884279e+05   1.1470161e+05  
  101.294  21.268   53142   4.1502340e+05   6.3656786e+04  
  101.693  21.189   53143   4.5658896e+05   5.5561231e+04  
  101.190  26.355   53144   3.9553362e+05   6.2692103e+05  
  101.081  26.008   53145   3.8527136e+05   5.8829997e+05  
  101.654  26.061   53146   4.4251494e+05   5.9521273e+05  
  101.935  25.471   53147   4.7209619e+05   5.3043162e+05  
  102.103  25.826   53148   4.8807311e+05   5.7015966e+05  
  101.540  25.307   53149   4.3271251e+05   5.1144454e+05  
  102.075  25.154   53150   4.8698646e+05   4.9561810e+05  
  100.816  25.039   53151   3.6021302e+05   4.8057660e+05  
  101.241  24.762   53152   4.0360309e+05   4.5053567e+05  
  101.632  24.688   53153   4.4330998e+05   4.4304202e+05  
  101.587  24.376   53154   4.3940362e+05   4.0839012e+05  
  102.571  26.174   53155   5.3396595e+05   6.0993381e+05  
  102.455  25.870   53156   5.2325497e+05   5.7591866e+05  
  102.850  25.908   53157   5.6274989e+05   5.8123591e+05  
  102.661  25.388   53158   5.4539453e+05   5.2303980e+05  
  102.491  25.215   53159   5.2877534e+05   5.0340333e+05  
  102.343  24.979   53160   5.1449998e+05   4.7686519e+05  
  103.146  24.913   53161   5.9586928e+05   4.7178817e+05  
  103.393  25.069   53162   6.2029137e+05   4.8987880e+05  
  102.600  24.789   53163   5.4102304e+05   4.5646720e+05  
  103.434  24.662   53164   6.2590587e+05   4.4486486e+05  
  102.996  24.629   53165   5.8162126e+05   4.3984034e+05  
  102.982  24.407   53166   5.8091338e+05   4.1518201e+05  
  102.438  24.444   53167   5.2558695e+05   4.1780343e+05  
  102.400  24.172   53168   5.2246861e+05   3.8756018e+05  
  102.005  24.046   53169   4.8260930e+05   3.7267833e+05  
  101.569  24.031   53170   4.3828025e+05   3.7013672e+05  
  103.758  24.541   53171   6.5921946e+05   4.3254011e+05  
  103.644  24.253   53172   6.4872153e+05   4.0019108e+05  
  103.440  24.073   53173   6.2860734e+05   3.7954682e+05  
  103.127  24.020   53174   5.9690721e+05   3.7269543e+05  
  102.361  23.854   53175   5.1934543e+05   3.5221961e+05  
  103.235  23.702   53176   6.0896494e+05   3.3775446e+05  
  103.552  23.203   53177   6.4309557e+05   2.8339712e+05  
  103.508  23.448   53178   6.3773553e+05   3.1043443e+05  
  101.976  23.275   53179   4.8144076e+05   2.8718805e+05  
  102.340  23.363   53180   5.1847676e+05   2.9775295e+05  
  101.962  22.960   53181   4.8071682e+05   2.5225847e+05  
  102.388  22.985   53182   5.2436376e+05   2.5597496e+05  
  102.239  22.806   53183   5.0951329e+05   2.3579391e+05  
  102.785  23.182   53184   5.6453714e+05   2.7881139e+05  
  102.804  22.931   53185   5.6720897e+05   2.5103616e+05  
  103.161  22.607   53186   6.0488207e+05   2.1610148e+05  
  103.197  23.096   53187   6.0704305e+05   2.7043402e+05  
  103.707  22.961   53188   6.5985689e+05   2.5705396e+05  
  103.961  22.810   53189   6.8652175e+05   2.4115708e+05  
  103.998  22.526   53190   6.9139079e+05   2.0976635e+05  
  104.042  24.300   53191   6.8902454e+05   4.0681711e+05  
  104.423  24.285   53192   7.2785324e+05   4.0661245e+05  
  103.837  24.058   53193   6.6910460e+05   3.7922067e+05  
  104.374  24.077   53194   7.2375636e+05   3.8332387e+05  
  103.619  23.753   53195   6.4800174e+05   3.4463329e+05  
  104.245  23.790   53196   7.1179401e+05   3.5096360e+05  
  104.573  23.758   53197   7.4544557e+05   3.4868982e+05  
  103.886  23.585   53198   6.7590994e+05   3.2690285e+05  
  104.008  23.196   53199   6.8989022e+05   2.8416108e+05  
  104.784  24.140   53200   7.6527058e+05   3.9198815e+05  
  104.391  23.032   53201   7.2986515e+05   2.6736035e+05  
  104.717  22.880   53204   7.6403068e+05   2.5175165e+05  
  104.669  23.441   53210   7.5665798e+05   3.1386999e+05  
  103.991  24.819   53211   6.8174593e+05   4.6423294e+05  
  104.076  24.539   53212   6.9150892e+05   4.3347163e+05  
  104.447  24.694   53213   7.2850062e+05   4.5212412e+05  
  104.387  25.353   53214   7.1949542e+05   5.2505528e+05  
  104.619  24.977   53215   7.4465174e+05   4.8426122e+05  
  103.531  24.895   53216   6.3488052e+05   4.7103585e+05  
  104.073  25.206   53217   6.8843989e+05   5.0749673e+05  
  103.765  25.483   53218   6.5624580e+05   5.3709497e+05  
  103.895  25.751   53219   6.6823858e+05   5.6731432e+05  
  104.309  25.649   53220   7.1031154e+05   5.5760388e+05  
  104.698  25.262   53221   7.5130830e+05   5.1625164e+05  
  104.367  26.342   53222   7.1297975e+05   6.3478694e+05  
  103.292  26.408   53223   6.0524697e+05   6.3807804e+05  
  103.564  26.123   53224   6.3353597e+05   6.0739241e+05  
  103.853  26.465   53225   6.6105680e+05   6.4639771e+05  
  103.175  25.525   53226   5.9669115e+05   5.3975505e+05  
  103.346  26.995   53227   6.0841712e+05   7.0337826e+05  
  103.188  27.229   53228   5.9185068e+05   7.2880288e+05  
  103.517  27.601   53229   6.2297518e+05   7.7121430e+05  
  103.642  28.228   53230   6.3268653e+05   8.4125023e+05  
  103.538  27.999   53231   6.2341618e+05   8.1545211e+05  
  103.481  27.760   53232   6.1877456e+05   7.8872615e+05  
  103.309  27.638   53233   6.0227377e+05   7.7458393e+05  
  104.123  28.270   53234   6.7977066e+05   8.4782327e+05  
  104.050  27.634   53235   6.7552083e+05   7.7692063e+05  
  104.095  27.359   53236   6.8122626e+05   7.4657619e+05  
  104.475  27.856   53237   7.1644378e+05   8.0336885e+05  
  105.041  27.852   53238   7.7234203e+05   8.0555719e+05  
  104.464  27.500   53239   7.1711474e+05   7.6378730e+05 
  104.867  27.441   53240   7.5733767e+05   7.5906125e+05 
